AA = [71.03711; %A
    114.5349; %B = avg(D,N)
    103.00919; %C
    115.02694; %D
    129.04259; %E
    147.06841; %F
    57.02146; %G
    137.05891; %H
    113.08406; %I
    0; %J
    128.09496; %K
    113.08406; %L
    131.04049; %M
    114.04293; %N
    255.158295; %O
    97.05276; %P
    128.05858; %Q
    156.10111; %R
    87.03203; %S
    101.04768; %T
    168.964203; %U
    99.06841; %V
    186.07931; %W
    110; %X
    163.06333; %Y
    128.5506]; %Z = avg(E,Q)
    
    
    

